{
    "matrices": [
        {
            "m00": 0.12655355036258698,
            "m01": -0.6135504841804504,
            "m02": -0.7794485688209534,
            "m03": 12.428816795349121,
            "m10": -0.7296064496040344,
            "m11": 0.4747849702835083,
            "m12": -0.4921926259994507,
            "m13": -5.70220422744751,
            "m20": 0.6720556020736694,
            "m21": 0.6309794783592224,
            "m22": -0.3875645697116852,
            "m23": 69.28573608398438,
            "m30": 0.0,
            "m31": 0.0,
            "m32": 0.0,
            "m33": 1.0
        },
        {
            "m00": 0.3268044590950012,
            "m01": 0.8646811842918396,
            "m02": 0.38147786259651186,
            "m03": -52.3237419128418,
            "m10": 0.6527486443519592,
            "m11": 0.08538996428251267,
            "m12": -0.7527468204498291,
            "m13": -9.59470272064209,
            "m20": -0.6834602952003479,
            "m21": 0.495010107755661,
            "m22": -0.5365135669708252,
            "m23": -5.2725749015808109,
            "m30": 0.0,
            "m31": 0.0,
            "m32": 0.0,
            "m33": 1.0
        },
        {
            "m00": 0.707920253276825,
            "m01": 0.2960253655910492,
            "m02": -0.6412628889083862,
            "m03": -14.02127742767334,
            "m10": 0.5688046813011169,
            "m11": 0.29928308725357058,
            "m12": 0.7660880088806152,
            "m13": -22.139562606811525,
            "m20": 0.418700635433197,
            "m21": -0.9070823788642883,
            "m22": 0.043487947434186938,
            "m23": -13.436354637145996,
            "m30": 0.0,
            "m31": 0.0,
            "m32": 0.0,
            "m33": 1.0
        },
        {
            "m00": 0.36479777097702029,
            "m01": -0.09558328241109848,
            "m02": 0.9261676669120789,
            "m03": 16.331405639648439,
            "m10": -0.11000815778970719,
            "m11": 0.9833248257637024,
            "m12": 0.1448119729757309,
            "m13": -38.64288330078125,
            "m20": -0.9245651364326477,
            "m21": -0.15471309423446656,
            "m22": 0.3481997549533844,
            "m23": 24.48200225830078,
            "m30": 0.0,
            "m31": 0.0,
            "m32": 0.0,
            "m33": 1.0
        },
        {
            "m00": 0.5290722846984863,
            "m01": 0.5152313113212586,
            "m02": -0.6742545366287231,
            "m03": -4.670435428619385,
            "m10": 0.7626214623451233,
            "m11": 0.059761375188827518,
            "m12": 0.6440783739089966,
            "m13": -23.065000534057618,
            "m20": 0.37214359641075137,
            "m21": -0.8549650311470032,
            "m22": -0.36130836606025698,
            "m23": 23.586183547973634,
            "m30": 0.0,
            "m31": 0.0,
            "m32": 0.0,
            "m33": 1.0
        },
        {
            "m00": -0.07020875811576843,
            "m01": 0.20530752837657929,
            "m02": -0.9761759638786316,
            "m03": -38.757389068603519,
            "m10": 0.3342815935611725,
            "m11": 0.9268505573272705,
            "m12": 0.1708911955356598,
            "m13": 49.891273498535159,
            "m20": 0.9398545026779175,
            "m21": -0.3143196105957031,
            "m22": -0.13370364904403687,
            "m23": 32.17244338989258,
            "m30": 0.0,
            "m31": 0.0,
            "m32": 0.0,
            "m33": 1.0
        },
        {
            "m00": 0.5527914762496948,
            "m01": 0.4760527014732361,
            "m02": 0.6839557886123657,
            "m03": -19.411426544189454,
            "m10": 0.25348013639450076,
            "m11": 0.6858091950416565,
            "m12": -0.682212233543396,
            "m13": -39.99631118774414,
            "m20": -0.7938320636749268,
            "m21": 0.5504902005195618,
            "m22": 0.2584395706653595,
            "m23": 43.310604095458987,
            "m30": 0.0,
            "m31": 0.0,
            "m32": 0.0,
            "m33": 1.0
        },
        {
            "m00": 0.9312920570373535,
            "m01": 0.10603209584951401,
            "m02": -0.34849998354911806,
            "m03": -42.04335021972656,
            "m10": 0.35567706823349,
            "m11": -0.471293181180954,
            "m12": 0.8070791959762573,
            "m13": 0.06995517015457154,
            "m20": -0.07866931706666947,
            "m21": -0.8755798935890198,
            "m22": -0.4766247570514679,
            "m23": 38.35557174682617,
            "m30": 0.0,
            "m31": 0.0,
            "m32": 0.0,
            "m33": 1.0
        },
        {
            "m00": 0.9233152866363525,
            "m01": -0.0733165368437767,
            "m02": -0.3769795596599579,
            "m03": 40.742713928222659,
            "m10": -0.2965739667415619,
            "m11": 0.48752275109291079,
            "m12": -0.8211976289749146,
            "m13": 24.926427841186525,
            "m20": 0.24399344623088838,
            "m21": 0.8700265884399414,
            "m22": 0.4283933937549591,
            "m23": 6.3246636390686039,
            "m30": 0.0,
            "m31": 0.0,
            "m32": 0.0,
            "m33": 1.0
        },
        {
            "m00": 0.9920358061790466,
            "m01": -0.12540847063064576,
            "m02": -0.011728944256901741,
            "m03": -52.696807861328128,
            "m10": 0.09006383270025253,
            "m11": 0.6411683559417725,
            "m12": 0.7620967626571655,
            "m13": -57.01264572143555,
            "m20": -0.0880531594157219,
            "m21": -0.7570836544036865,
            "m22": 0.6473568081855774,
            "m23": 24.29564666748047,
            "m30": 0.0,
            "m31": 0.0,
            "m32": 0.0,
            "m33": 1.0
        },
        {
            "m00": -0.2683130204677582,
            "m01": -0.03232354298233986,
            "m02": -0.9627892971038818,
            "m03": -46.61344909667969,
            "m10": 0.02677145041525364,
            "m11": 0.9988007545471191,
            "m12": -0.04099329188466072,
            "m13": -15.901809692382813,
            "m20": 0.9629597067832947,
            "m21": -0.036774300038814548,
            "m22": -0.2671258747577667,
            "m23": 46.01007080078125,
            "m30": 0.0,
            "m31": 0.0,
            "m32": 0.0,
            "m33": 1.0
        },
        {
            "m00": 0.7924772500991821,
            "m01": 0.5974087715148926,
            "m02": -0.12281063944101334,
            "m03": -44.236610412597659,
            "m10": 0.4663550555706024,
            "m11": -0.7233166098594666,
            "m12": -0.5092401504516602,
            "m13": -3.231245756149292,
            "m20": -0.39305567741394045,
            "m21": 0.3462878167629242,
            "m22": -0.8518165946006775,
            "m23": 40.61209487915039,
            "m30": 0.0,
            "m31": 0.0,
            "m32": 0.0,
            "m33": 1.0
        },
        {
            "m00": 0.30688077211380007,
            "m01": -0.24702034890651704,
            "m02": -0.9191327691078186,
            "m03": -31.108516693115236,
            "m10": -0.2923184037208557,
            "m11": 0.8945893049240112,
            "m12": -0.33802366256713869,
            "m13": -25.46881866455078,
            "m20": 0.9057449698448181,
            "m21": 0.3724123239517212,
            "m22": 0.20232363045215608,
            "m23": -10.816790580749512,
            "m30": 0.0,
            "m31": 0.0,
            "m32": 0.0,
            "m33": 1.0
        },
        {
            "m00": 0.6513130068778992,
            "m01": 0.28133365511894228,
            "m02": 0.7047288417816162,
            "m03": -8.648778915405274,
            "m10": 0.11589228361845017,
            "m11": 0.8809533715248108,
            "m12": -0.4587920606136322,
            "m13": 11.01281452178955,
            "m20": -0.7499068975448608,
            "m21": 0.3804897964000702,
            "m22": 0.5411719083786011,
            "m23": -38.3907356262207,
            "m30": 0.0,
            "m31": 0.0,
            "m32": 0.0,
            "m33": 1.0
        },
        {
            "m00": 0.8163374066352844,
            "m01": 0.4359428286552429,
            "m02": 0.378876268863678,
            "m03": 9.425464630126954,
            "m10": 0.16909059882164002,
            "m11": 0.4468509256839752,
            "m12": -0.8784831762313843,
            "m13": 1.5749778747558594,
            "m20": -0.5522695779800415,
            "m21": 0.7812029719352722,
            "m22": 0.2910672426223755,
            "m23": 47.11832046508789,
            "m30": 0.0,
            "m31": 0.0,
            "m32": 0.0,
            "m33": 1.0
        },
        {
            "m00": 0.4646148681640625,
            "m01": -0.16455741226673127,
            "m02": 0.8700883984565735,
            "m03": -14.081644058227539,
            "m10": -0.1460733562707901,
            "m11": 0.9548777937889099,
            "m12": 0.25859445333480837,
            "m13": 42.699039459228519,
            "m20": -0.8733815550804138,
            "m21": -0.24724355340003968,
            "m22": 0.41961291432380679,
            "m23": -8.420699119567871,
            "m30": 0.0,
            "m31": 0.0,
            "m32": 0.0,
            "m33": 1.0
        },
        {
            "m00": 0.6787396669387817,
            "m01": -0.3258325755596161,
            "m02": -0.6581380367279053,
            "m03": 23.228336334228517,
            "m10": -0.5169803500175476,
            "m11": 0.424498587846756,
            "m12": -0.7433251738548279,
            "m13": -14.021600723266602,
            "m20": 0.5215781927108765,
            "m21": 0.8447686433792114,
            "m22": 0.11967487633228302,
            "m23": 25.325780868530275,
            "m30": 0.0,
            "m31": 0.0,
            "m32": 0.0,
            "m33": 1.0
        },
        {
            "m00": 0.787485659122467,
            "m01": 0.5135822296142578,
            "m02": 0.34073424339294436,
            "m03": 21.18473243713379,
            "m10": 0.23395898938179017,
            "m11": 0.262368768453598,
            "m12": -0.9361763000488281,
            "m13": -8.199813842773438,
            "m20": -0.5702014565467835,
            "m21": 0.8169431090354919,
            "m22": 0.08645445853471756,
            "m23": 49.41130828857422,
            "m30": 0.0,
            "m31": 0.0,
            "m32": 0.0,
            "m33": 1.0
        },
        {
            "m00": -0.02505352534353733,
            "m01": -0.9112567901611328,
            "m02": 0.4110758900642395,
            "m03": -28.318296432495118,
            "m10": -0.8218315839767456,
            "m11": 0.2528972625732422,
            "m12": 0.5105252861976624,
            "m13": 24.375186920166017,
            "m20": -0.5691794753074646,
            "m21": -0.3250446915626526,
            "m22": -0.7552354335784912,
            "m23": -31.086074829101564,
            "m30": 0.0,
            "m31": 0.0,
            "m32": 0.0,
            "m33": 1.0
        },
        {
            "m00": 0.39231187105178835,
            "m01": -0.6186923980712891,
            "m02": -0.6806694865226746,
            "m03": 25.568296432495118,
            "m10": -0.7789539694786072,
            "m11": 0.17009933292865754,
            "m12": -0.603570282459259,
            "m13": 18.009920120239259,
            "m20": 0.4892057478427887,
            "m21": 0.7669979333877564,
            "m22": -0.4152008295059204,
            "m23": -10.229594230651856,
            "m30": 0.0,
            "m31": 0.0,
            "m32": 0.0,
            "m33": 1.0
        },
        {
            "m00": 0.8870967030525208,
            "m01": -0.035394977778196338,
            "m02": -0.46022462844848635,
            "m03": -32.29987335205078,
            "m10": -0.06618886440992356,
            "m11": 0.9769972562789917,
            "m12": -0.20271985232830048,
            "m13": -28.85063934326172,
            "m20": 0.45681336522102358,
            "m21": 0.21029384434223176,
            "m22": 0.8643482327461243,
            "m23": 39.32829666137695,
            "m30": 0.0,
            "m31": 0.0,
            "m32": 0.0,
            "m33": 1.0
        },
        {
            "m00": 0.6148860454559326,
            "m01": 0.0866236463189125,
            "m02": -0.7838439345359802,
            "m03": 21.297563552856447,
            "m10": 0.22417519986629487,
            "m11": 0.933745265007019,
            "m12": 0.2790434956550598,
            "m13": -14.849409103393555,
            "m20": 0.75608229637146,
            "m21": -0.3472983241081238,
            "m22": 0.5547280311584473,
            "m23": 4.767324924468994,
            "m30": 0.0,
            "m31": 0.0,
            "m32": 0.0,
            "m33": 1.0
        },
        {
            "m00": 0.21478962898254395,
            "m01": 0.17542289197444917,
            "m02": 0.9607767462730408,
            "m03": 14.614068984985352,
            "m10": 0.07166530936956406,
            "m11": 0.9782541394233704,
            "m12": -0.19463534653186799,
            "m13": -3.971867799758911,
            "m20": -0.9740274548530579,
            "m21": 0.11065999418497086,
            "m22": 0.19754712283611298,
            "m23": 3.4593698978424074,
            "m30": 0.0,
            "m31": 0.0,
            "m32": 0.0,
            "m33": 1.0
        },
        {
            "m00": -0.38968485593795779,
            "m01": 0.8599892854690552,
            "m02": 0.32949063181877139,
            "m03": 21.747108459472658,
            "m10": 0.7619295120239258,
            "m11": 0.5020248889923096,
            "m12": -0.4091874957084656,
            "m13": -42.19444274902344,
            "m20": -0.5173093676567078,
            "m21": 0.09159433096647263,
            "m22": -0.8508824110031128,
            "m23": 17.619449615478517,
            "m30": 0.0,
            "m31": 0.0,
            "m32": 0.0,
            "m33": 1.0
        },
        {
            "m00": -0.8038345575332642,
            "m01": -0.3821600675582886,
            "m02": 0.4558548629283905,
            "m03": -23.938335418701173,
            "m10": -0.3827069401741028,
            "m11": 0.918919026851654,
            "m12": 0.09551523625850678,
            "m13": -37.39436340332031,
            "m20": -0.4553959369659424,
            "m21": -0.09768038243055344,
            "m22": -0.8849141001701355,
            "m23": 50.567867279052737,
            "m30": 0.0,
            "m31": 0.0,
            "m32": 0.0,
            "m33": 1.0
        },
        {
            "m00": -0.2757348120212555,
            "m01": 0.26587796211242678,
            "m02": 0.9237310886383057,
            "m03": -67.49378204345703,
            "m10": 0.1626708060503006,
            "m11": 0.9600310325622559,
            "m12": -0.22776876389980317,
            "m13": 32.43484878540039,
            "m20": -0.9473692178726196,
            "m21": 0.08746031671762467,
            "m22": -0.3079645335674286,
            "m23": -16.21040916442871,
            "m30": 0.0,
            "m31": 0.0,
            "m32": 0.0,
            "m33": 1.0
        },
        {
            "m00": -0.5443552732467651,
            "m01": -0.6409926414489746,
            "m02": -0.541115403175354,
            "m03": 14.290400505065918,
            "m10": -0.6723009943962097,
            "m11": 0.7191569209098816,
            "m12": -0.17557039856910706,
            "m13": 4.086566925048828,
            "m20": 0.501686155796051,
            "m21": 0.2682197093963623,
            "m22": -0.8224166631698608,
            "m23": -14.990713119506836,
            "m30": 0.0,
            "m31": 0.0,
            "m32": 0.0,
            "m33": 1.0
        },
        {
            "m00": 0.8051572442054749,
            "m01": -0.020562350749969484,
            "m02": 0.5927048325538635,
            "m03": -39.195926666259769,
            "m10": -0.03365315496921539,
            "m11": 0.9962044358253479,
            "m12": 0.08027669787406922,
            "m13": 23.617902755737306,
            "m20": -0.5921058058738709,
            "m21": -0.08458175510168076,
            "m22": 0.801409125328064,
            "m23": 26.874732971191408,
            "m30": 0.0,
            "m31": 0.0,
            "m32": 0.0,
            "m33": 1.0
        },
        {
            "m00": 0.7486960887908936,
            "m01": -0.12291237711906433,
            "m02": -0.6514191031455994,
            "m03": 16.122634887695314,
            "m10": -0.2027919441461563,
            "m11": 0.8930867314338684,
            "m12": -0.4015862047672272,
            "m13": 31.157649993896486,
            "m20": 0.6311336755752564,
            "m21": 0.43276849389076235,
            "m22": 0.643724799156189,
            "m23": 64.71248626708985,
            "m30": 0.0,
            "m31": 0.0,
            "m32": 0.0,
            "m33": 1.0
        },
        {
            "m00": 0.7043567895889282,
            "m01": 0.24805831909179688,
            "m02": -0.6650928854942322,
            "m03": -67.57546997070313,
            "m10": 0.507482647895813,
            "m11": 0.4791542887687683,
            "m12": 0.7161511182785034,
            "m13": 15.683568954467774,
            "m20": 0.49632927775382998,
            "m21": -0.8419490456581116,
            "m22": 0.21161022782325746,
            "m23": 24.75172233581543,
            "m30": 0.0,
            "m31": 0.0,
            "m32": 0.0,
            "m33": 1.0
        },
        {
            "m00": 0.6028850078582764,
            "m01": -0.6189019083976746,
            "m02": -0.5034778118133545,
            "m03": 41.80481719970703,
            "m10": -0.7784520983695984,
            "m11": -0.3180875778198242,
            "m12": -0.5411397814750671,
            "m13": 22.990509033203126,
            "m20": 0.1747622787952423,
            "m21": 0.7181784510612488,
            "m22": -0.6735556721687317,
            "m23": 25.781417846679689,
            "m30": 0.0,
            "m31": 0.0,
            "m32": 0.0,
            "m33": 1.0
        },
        {
            "m00": 0.7213138341903687,
            "m01": -0.35312551259994509,
            "m02": 0.5958261489868164,
            "m03": -3.9411840438842775,
            "m10": -0.20822007954120637,
            "m11": 0.7099078893661499,
            "m12": 0.6728113889694214,
            "m13": -16.960142135620118,
            "m20": -0.6605685353279114,
            "m21": -0.6093711256980896,
            "m22": 0.438538521528244,
            "m23": -23.05723762512207,
            "m30": 0.0,
            "m31": 0.0,
            "m32": 0.0,
            "m33": 1.0
        },
        {
            "m00": 0.9300134181976318,
            "m01": 0.011073396541178227,
            "m02": 0.3673588037490845,
            "m03": -37.445587158203128,
            "m10": -0.011432577855885029,
            "m11": 0.9999338984489441,
            "m12": -0.0011983216973021627,
            "m13": 33.154296875,
            "m20": -0.367347776889801,
            "m21": -0.003085406729951501,
            "m22": 0.9300785064697266,
            "m23": 19.21324348449707,
            "m30": 0.0,
            "m31": 0.0,
            "m32": 0.0,
            "m33": 1.0
        },
        {
            "m00": 0.28684139251708987,
            "m01": 0.8271202445030212,
            "m02": 0.4833156168460846,
            "m03": 16.384716033935548,
            "m10": 0.6069142818450928,
            "m11": 0.23344941437244416,
            "m12": -0.7597081065177918,
            "m13": -44.09270477294922,
            "m20": -0.7411996722221375,
            "m21": 0.5112468600273132,
            "m22": -0.4350282549858093,
            "m23": 46.61513900756836,
            "m30": 0.0,
            "m31": 0.0,
            "m32": 0.0,
            "m33": 1.0
        },
        {
            "m00": 0.6527438759803772,
            "m01": 0.255493700504303,
            "m02": -0.7131958603858948,
            "m03": -56.10121154785156,
            "m10": 0.5030773282051086,
            "m11": 0.5576920509338379,
            "m12": 0.6602218151092529,
            "m13": 5.3426923751831059,
            "m20": 0.5664260387420654,
            "m21": -0.7897483706474304,
            "m22": 0.23549699783325196,
            "m23": -26.84337615966797,
            "m30": 0.0,
            "m31": 0.0,
            "m32": 0.0,
            "m33": 1.0
        },
        {
            "m00": 0.7700181603431702,
            "m01": 0.6298815608024597,
            "m02": 0.10159433633089066,
            "m03": -27.002429962158204,
            "m10": 0.38738134503364565,
            "m11": -0.3350353240966797,
            "m12": -0.8588871359825134,
            "m13": 13.39712905883789,
            "m20": -0.5069594383239746,
            "m21": 0.7007142901420593,
            "m22": -0.5019876956939697,
            "m23": 39.15665817260742,
            "m30": 0.0,
            "m31": 0.0,
            "m32": 0.0,
            "m33": 1.0
        },
        {
            "m00": 0.5703670382499695,
            "m01": 0.8045441508293152,
            "m02": 0.16550029814243318,
            "m03": 27.771198272705079,
            "m10": 0.5976238250732422,
            "m11": -0.2682483196258545,
            "m12": -0.7555719017982483,
            "m13": -3.4673912525177,
            "m20": -0.5634956359863281,
            "m21": 0.5298601984977722,
            "m22": -0.6338146924972534,
            "m23": -15.04941463470459,
            "m30": 0.0,
            "m31": 0.0,
            "m32": 0.0,
            "m33": 1.0
        },
        {
            "m00": -0.30191174149513247,
            "m01": -0.1331191211938858,
            "m02": 0.9439961314201355,
            "m03": -44.381103515625,
            "m10": -0.16099773347377778,
            "m11": 0.983100175857544,
            "m12": 0.08714265376329422,
            "m13": 8.951021194458008,
            "m20": -0.939643144607544,
            "m21": -0.12567183375358582,
            "m22": -0.31824132800102236,
            "m23": 43.067020416259769,
            "m30": 0.0,
            "m31": 0.0,
            "m32": 0.0,
            "m33": 1.0
        },
        {
            "m00": 0.2520664930343628,
            "m01": 0.9663374423980713,
            "m02": 0.05151955038309097,
            "m03": -46.34160232543945,
            "m10": 0.8604930639266968,
            "m11": -0.19946394860744477,
            "m12": -0.4687917232513428,
            "m13": -21.972028732299806,
            "m20": -0.4427347779273987,
            "m21": 0.16249893605709077,
            "m22": -0.8818049430847168,
            "m23": -12.47142505645752,
            "m30": 0.0,
            "m31": 0.0,
            "m32": 0.0,
            "m33": 1.0
        },
        {
            "m00": 0.22890661656856538,
            "m01": -0.44851154088974,
            "m02": -0.8639670014381409,
            "m03": -46.820960998535159,
            "m10": -0.5524930953979492,
            "m11": 0.6708728075027466,
            "m12": -0.4946524202823639,
            "m13": -25.78436851501465,
            "m20": 0.8014692068099976,
            "m21": 0.590565025806427,
            "m22": -0.09423234313726425,
            "m23": 43.84038543701172,
            "m30": 0.0,
            "m31": 0.0,
            "m32": 0.0,
            "m33": 1.0
        },
        {
            "m00": 0.9477648138999939,
            "m01": -0.30577337741851809,
            "m02": 0.09079891443252564,
            "m03": -17.373273849487306,
            "m10": -0.04245038330554962,
            "m11": 0.16121508181095124,
            "m12": 0.9860058426856995,
            "m13": -15.876054763793946,
            "m20": -0.3161325454711914,
            "m21": -0.9383560419082642,
            "m22": 0.13981378078460694,
            "m23": 28.910995483398439,
            "m30": 0.0,
            "m31": 0.0,
            "m32": 0.0,
            "m33": 1.0
        },
        {
            "m00": 0.8541982769966126,
            "m01": -0.00102211011108011,
            "m02": -0.5199463367462158,
            "m03": 5.0138840675354,
            "m10": 0.06258001178503037,
            "m11": 0.9929307103157044,
            "m12": 0.100858174264431,
            "m13": -41.53072738647461,
            "m20": 0.5161677598953247,
            "m21": -0.11869112402200699,
            "m22": 0.8482236266136169,
            "m23": -10.274961471557618,
            "m30": 0.0,
            "m31": 0.0,
            "m32": 0.0,
            "m33": 1.0
        },
        {
            "m00": -0.18853715062141419,
            "m01": -0.41577330231666567,
            "m02": -0.889711320400238,
            "m03": -62.00812530517578,
            "m10": -0.4535669684410095,
            "m11": 0.8404124975204468,
            "m12": -0.296620637178421,
            "m13": 19.01410675048828,
            "m20": 0.8710513710975647,
            "m21": 0.3476196527481079,
            "m22": -0.34703007340431216,
            "m23": 38.05160140991211,
            "m30": 0.0,
            "m31": 0.0,
            "m32": 0.0,
            "m33": 1.0
        },
        {
            "m00": 0.8481224775314331,
            "m01": -0.29875364899635317,
            "m02": -0.4375324845314026,
            "m03": -54.626670837402347,
            "m10": -0.5227540731430054,
            "m11": -0.33765196800231936,
            "m12": -0.7827639579772949,
            "m13": 3.4208319187164308,
            "m20": 0.08611974120140076,
            "m21": 0.8926014304161072,
            "m22": -0.44254472851753237,
            "m23": -47.99251174926758,
            "m30": 0.0,
            "m31": 0.0,
            "m32": 0.0,
            "m33": 1.0
        },
        {
            "m00": 0.4089891314506531,
            "m01": 0.12685620784759522,
            "m02": 0.9036787748336792,
            "m03": -17.693971633911134,
            "m10": 0.03486296534538269,
            "m11": 0.9873952865600586,
            "m12": -0.1543864756822586,
            "m13": -0.5221576690673828,
            "m20": -0.911872923374176,
            "m21": 0.09464731067419052,
            "m22": 0.39941132068634035,
            "m23": 17.427310943603517,
            "m30": 0.0,
            "m31": 0.0,
            "m32": 0.0,
            "m33": 1.0
        },
        {
            "m00": 0.9631209969520569,
            "m01": 0.22503046691417695,
            "m02": -0.14751066267490388,
            "m03": -39.799232482910159,
            "m10": -0.02971181645989418,
            "m11": -0.4559280276298523,
            "m12": -0.889520525932312,
            "m13": 41.4888801574707,
            "m20": -0.267423540353775,
            "m21": 0.8610984683036804,
            "m22": -0.43242767453193667,
            "m23": 14.594123840332032,
            "m30": 0.0,
            "m31": 0.0,
            "m32": 0.0,
            "m33": 1.0
        },
        {
            "m00": 0.010740975849330426,
            "m01": -0.7661701440811157,
            "m02": -0.6425477862358093,
            "m03": 33.333213806152347,
            "m10": -0.8668879270553589,
            "m11": 0.31314003467559817,
            "m12": -0.38787710666656496,
            "m13": -24.17831802368164,
            "m20": 0.4983872175216675,
            "m21": 0.5611830949783325,
            "m22": -0.6608201265335083,
            "m23": 36.04222106933594,
            "m30": 0.0,
            "m31": 0.0,
            "m32": 0.0,
            "m33": 1.0
        },
        {
            "m00": 0.5989977121353149,
            "m01": 0.8002004027366638,
            "m02": -0.029679929837584497,
            "m03": -66.68156433105469,
            "m10": 0.6683396697044373,
            "m11": -0.5200199484825134,
            "m12": -0.5318848490715027,
            "m13": -12.03297233581543,
            "m20": -0.44104862213134768,
            "m21": 0.2987615168094635,
            "m22": -0.8462963700294495,
            "m23": -0.3349110186100006,
            "m30": 0.0,
            "m31": 0.0,
            "m32": 0.0,
            "m33": 1.0
        },
        {
            "m00": 0.5998245477676392,
            "m01": -0.012253490276634694,
            "m02": -0.8000376224517822,
            "m03": -16.709300994873048,
            "m10": 0.04738728702068329,
            "m11": 0.9986717104911804,
            "m12": 0.020232608541846277,
            "m13": 25.999568939208986,
            "m20": 0.7987269759178162,
            "m21": -0.05004764348268509,
            "m22": 0.5996084213256836,
            "m23": 1.4590082168579102,
            "m30": 0.0,
            "m31": 0.0,
            "m32": 0.0,
            "m33": 1.0
        },
        {
            "m00": 0.8198810815811157,
            "m01": 0.29228639602661135,
            "m02": -0.49230462312698367,
            "m03": -9.72252368927002,
            "m10": 0.5591465830802918,
            "m11": -0.22391380369663239,
            "m12": 0.7982592582702637,
            "m13": 27.174535751342775,
            "m20": 0.12308643013238907,
            "m21": -0.929747998714447,
            "m22": -0.3470135033130646,
            "m23": 53.455291748046878,
            "m30": 0.0,
            "m31": 0.0,
            "m32": 0.0,
            "m33": 1.0
        },
        {
            "m00": 0.7976816892623901,
            "m01": -0.08841236680746079,
            "m02": -0.5965628027915955,
            "m03": -16.79314613342285,
            "m10": -0.15313278138637544,
            "m11": 0.927081823348999,
            "m12": -0.3421545922756195,
            "m13": 41.24024200439453,
            "m20": 0.5833132266998291,
            "m21": 0.3642837703227997,
            "m22": 0.72597736120224,
            "m23": 25.276430130004884,
            "m30": 0.0,
            "m31": 0.0,
            "m32": 0.0,
            "m33": 1.0
        },
        {
            "m00": 0.7378679513931274,
            "m01": 0.6613389253616333,
            "m02": 0.13484010100364686,
            "m03": 5.29860258102417,
            "m10": 0.41824468970298769,
            "m11": -0.291219562292099,
            "m12": -0.860385000705719,
            "m13": 2.4490320682525636,
            "m20": -0.5297380089759827,
            "m21": 0.6912465691566467,
            "m22": -0.49148303270339968,
            "m23": 17.499618530273439,
            "m30": 0.0,
            "m31": 0.0,
            "m32": 0.0,
            "m33": 1.0
        },
        {
            "m00": 0.6445827484130859,
            "m01": 0.4336843192577362,
            "m02": 0.6296277046203613,
            "m03": -39.771175384521487,
            "m10": 0.20950372517108918,
            "m11": 0.6918242573738098,
            "m12": -0.691004753112793,
            "m13": -16.421384811401368,
            "m20": -0.7352695465087891,
            "m21": 0.5773190259933472,
            "m22": 0.35507938265800478,
            "m23": 41.21535110473633,
            "m30": 0.0,
            "m31": 0.0,
            "m32": 0.0,
            "m33": 1.0
        },
        {
            "m00": -0.7494348287582398,
            "m01": 0.4897058308124542,
            "m02": -0.44557350873947146,
            "m03": -61.85740280151367,
            "m10": 0.5498372912406921,
            "m11": 0.835243821144104,
            "m12": -0.006830367259681225,
            "m13": 0.8964353203773499,
            "m20": 0.36881765723228457,
            "m21": -0.250111848115921,
            "m22": -0.8952192664146423,
            "m23": 43.958805084228519,
            "m30": 0.0,
            "m31": 0.0,
            "m32": 0.0,
            "m33": 1.0
        },
        {
            "m00": 0.6488208174705505,
            "m01": -0.40203699469566347,
            "m02": -0.6460634469985962,
            "m03": -10.897359848022461,
            "m10": -0.6028698086738586,
            "m11": 0.2464670091867447,
            "m12": -0.7588161826133728,
            "m13": -9.36352825164795,
            "m20": 0.46430540084838869,
            "m21": 0.8818278312683106,
            "m22": -0.08246298134326935,
            "m23": 6.107784271240234,
            "m30": 0.0,
            "m31": 0.0,
            "m32": 0.0,
            "m33": 1.0
        },
        {
            "m00": -0.9801957607269287,
            "m01": 0.014059457927942276,
            "m02": 0.19753074645996095,
            "m03": -35.87001037597656,
            "m10": 0.0015727959107607604,
            "m11": 0.9979979395866394,
            "m12": -0.06322894990444184,
            "m13": -29.499345779418947,
            "m20": -0.1980242133140564,
            "m21": -0.061666090041399,
            "m22": -0.9782552719116211,
            "m23": -5.266628265380859,
            "m30": 0.0,
            "m31": 0.0,
            "m32": 0.0,
            "m33": 1.0
        },
        {
            "m00": 0.9642768502235413,
            "m01": 0.23671846091747285,
            "m02": 0.11888924241065979,
            "m03": 23.72933578491211,
            "m10": -0.017798306420445443,
            "m11": 0.505696713924408,
            "m12": -0.8625276684761047,
            "m13": -11.743026733398438,
            "m20": -0.26429814100265505,
            "m21": 0.8295993804931641,
            "m22": 0.4918448030948639,
            "m23": 8.678786277770996,
            "m30": 0.0,
            "m31": 0.0,
            "m32": 0.0,
            "m33": 1.0
        },
        {
            "m00": -0.1232774406671524,
            "m01": 0.990886926651001,
            "m02": -0.05427495017647743,
            "m03": 28.23883056640625,
            "m10": 0.959058403968811,
            "m11": 0.10490868985652924,
            "m12": -0.26306092739105227,
            "m13": 4.536290168762207,
            "m20": -0.2549697160720825,
            "m21": -0.08448231965303421,
            "m22": -0.9632513523101807,
            "m23": 22.200908660888673,
            "m30": 0.0,
            "m31": 0.0,
            "m32": 0.0,
            "m33": 1.0
        },
        {
            "m00": 0.44296666979789736,
            "m01": -0.8962624073028565,
            "m02": 0.022233132272958757,
            "m03": -12.5719575881958,
            "m10": -0.8197630047798157,
            "m11": -0.3948676884174347,
            "m12": 0.41481083631515505,
            "m13": 34.49809265136719,
            "m20": -0.3630002439022064,
            "m21": -0.20197314023971559,
            "m22": -0.9096357226371765,
            "m23": 44.983150482177737,
            "m30": 0.0,
            "m31": 0.0,
            "m32": 0.0,
            "m33": 1.0
        },
        {
            "m00": 0.8759135007858276,
            "m01": -0.46651333570480349,
            "m02": 0.1230480968952179,
            "m03": 20.30358123779297,
            "m10": -0.2209938019514084,
            "m11": -0.1612320989370346,
            "m12": 0.9618553519248962,
            "m13": 8.00521469116211,
            "m20": -0.42887911200523379,
            "m21": -0.8696948885917664,
            "m22": -0.24432188272476197,
            "m23": -35.60356140136719,
            "m30": 0.0,
            "m31": 0.0,
            "m32": 0.0,
            "m33": 1.0
        },
        {
            "m00": 0.9660608768463135,
            "m01": 0.13762608170509339,
            "m02": 0.218598872423172,
            "m03": 12.412576675415039,
            "m10": -0.01410091295838356,
            "m11": 0.8730856776237488,
            "m12": -0.4873630404472351,
            "m13": -53.97503662109375,
            "m20": -0.25792938470840456,
            "m21": 0.46773988008499148,
            "m22": 0.8453944325447083,
            "m23": 9.044678688049317,
            "m30": 0.0,
            "m31": 0.0,
            "m32": 0.0,
            "m33": 1.0
        },
        {
            "m00": 0.09454566985368729,
            "m01": 0.08432214707136154,
            "m02": 0.9919429421424866,
            "m03": 7.533427715301514,
            "m10": 0.008138191886246205,
            "m11": 0.9963076114654541,
            "m12": -0.0854688435792923,
            "m13": -30.573867797851564,
            "m20": -0.9954871535301209,
            "m21": 0.01615331694483757,
            "m22": 0.09351032227277756,
            "m23": -0.7172694206237793,
            "m30": 0.0,
            "m31": 0.0,
            "m32": 0.0,
            "m33": 1.0
        },
        {
            "m00": 0.8652121424674988,
            "m01": 0.4996568262577057,
            "m02": -0.04184462130069733,
            "m03": 23.089223861694337,
            "m10": 0.2790112793445587,
            "m11": -0.5491148233413696,
            "m12": -0.787797749042511,
            "m13": -47.96000289916992,
            "m20": -0.4166061282157898,
            "m21": 0.669937014579773,
            "m22": -0.614510715007782,
            "m23": 18.16373062133789,
            "m30": 0.0,
            "m31": 0.0,
            "m32": 0.0,
            "m33": 1.0
        },
        {
            "m00": 0.6516384482383728,
            "m01": -0.4135858714580536,
            "m02": -0.6358570456504822,
            "m03": -42.996055603027347,
            "m10": -0.6167822480201721,
            "m11": 0.19903936982154847,
            "m12": -0.7615531086921692,
            "m13": 10.801451683044434,
            "m20": 0.4415281414985657,
            "m21": 0.8884425759315491,
            "m22": -0.1253906935453415,
            "m23": 16.50048065185547,
            "m30": 0.0,
            "m31": 0.0,
            "m32": 0.0,
            "m33": 1.0
        },
        {
            "m00": 0.915824294090271,
            "m01": -0.05797041207551956,
            "m02": 0.397373229265213,
            "m03": 4.957976341247559,
            "m10": -0.025724519044160844,
            "m11": 0.9790246486663818,
            "m12": 0.20211125910282136,
            "m13": -21.86528968811035,
            "m20": -0.4007546901702881,
            "m21": -0.19532060623168946,
            "m22": 0.8951231837272644,
            "m23": -5.286495208740234,
            "m30": 0.0,
            "m31": 0.0,
            "m32": 0.0,
            "m33": 1.0
        },
        {
            "m00": 0.7917096018791199,
            "m01": -0.07641706615686417,
            "m02": -0.6060991883277893,
            "m03": 14.691797256469727,
            "m10": -0.12109000980854035,
            "m11": 0.9528291821479797,
            "m12": -0.2783050835132599,
            "m13": -49.74359893798828,
            "m20": 0.5987762808799744,
            "m21": 0.29372936487197878,
            "m22": 0.7451106905937195,
            "m23": 18.599905014038087,
            "m30": 0.0,
            "m31": 0.0,
            "m32": 0.0,
            "m33": 1.0
        },
        {
            "m00": 0.8090737462043762,
            "m01": -0.2984158396720886,
            "m02": 0.5063078999519348,
            "m03": -4.483789443969727,
            "m10": -0.14799568057060243,
            "m11": 0.7302832007408142,
            "m12": 0.6669211983680725,
            "m13": -4.516446113586426,
            "m20": -0.5687679052352905,
            "m21": -0.6145197749137878,
            "m22": 0.5466887950897217,
            "m23": 38.98776626586914,
            "m30": 0.0,
            "m31": 0.0,
            "m32": 0.0,
            "m33": 1.0
        },
        {
            "m00": 0.49050799012184145,
            "m01": 0.6240965723991394,
            "m02": 0.6081984043121338,
            "m03": 0.3095288872718811,
            "m10": 0.3782632648944855,
            "m11": 0.4762650430202484,
            "m12": -0.793781042098999,
            "m13": -17.599925994873048,
            "m20": -0.7850597500801086,
            "m21": 0.6194148659706116,
            "m22": -0.0024611118715256454,
